10 5
0 2
38
0 0 1 1 feizhoumiao
1 0 2 1 LV
2 0 3 1 影像隨行無邊際
3 0 4 1 山野上
4 0 5 1 eden419
0 1 1 2 KOF李
1 1 3 2 张炜大卫
3 1 4 2 70大胡子
4 1 5 3 问禅
0 2 1 3 辉哥a900
1 2 2 3 BlindSparrow
2 2 3 3 dxw999
3 2 4 3 百万嬉皮
0 3 3 5 White_Satin--16
3 3 4 4 Aoko
4 3 5 4 寒江曲
3 4 4 5 木秀于0
4 4 5 5 673秋
0 5 1 6 ChangHsu
1 5 2 6 闻风摄雨
2 5 3 6 水墨印象
3 5 5 7 White_Satin--179
0 6 1 7 小松-视界
1 6 2 8 清风堂主
2 6 3 7 n90674d9默石
0 7 1 8 浪花四溅T
2 7 3 8 coolzhang
3 7 4 8 王金磊
4 7 5 8 帐篷帮主
0 8 1 9 Fay
1 8 2 9 海之最
2 8 3 9 2127
3 8 5 9 3V07
0 9 1 10 free随风
1 9 2 10 李奇渊
2 9 3 10 nb1fcb1e
3 9 4 10 唐皇1
4 9 5 10 najwa