10 5
0 2
38
0 0 1 1 艾媒1
1 0 2 1 艾媒
2 0 3 1 陈树增国际领队南北极探险旅行
3 0 5 1 弧线
0 1 1 2 影像隨行無邊際
1 1 2 3 巴西铁
2 1 3 2 百变金金
3 1 4 2 木秀于0
4 1 5 2 小松-视界1
0 2 1 3 燕子视界
2 2 3 3 MELISSA
3 2 5 4 White_Satin--74
0 3 1 4 nq9rsosd8
1 3 2 4 我为蝎狂
2 3 3 4 孤帆寒山
0 4 1 5 何小囧
1 4 2 5 踏雪留痕
2 4 3 5 三杨
3 4 4 5 也就那样
4 4 5 5 dxw999
0 5 1 6 雪域忠忠
1 5 3 8 山风2015
3 5 4 6 帐篷帮主
4 5 5 6 左-右
0 6 1 7 唐皇
3 6 4 7 赵捷
4 6 5 7 najwa
0 7 1 8 南台之春
3 7 5 8 王金磊
0 8 2 9 coolzhang
2 8 3 9 KODY
3 8 4 9 SuperAllen
4 8 5 9 LV
0 9 1 10 Lin_Jiapeng
1 9 2 10 小松-视界
2 9 3 10 南苑巩笠
3 9 4 10 闻风摄雨
4 9 5 10 BlindSparrow